iteration,gradient_norm,x
0,458.77663410422286,[3.0, -1.0, 0.0, 1.0]
1,61.69333491851329,[1.8046875, -0.4375, 0.0078125, 2.2109375]
2,44.50348983313225,[1.794640703029141, -0.004692893775673168, 0.17258172924223408, 2.0915302193674115]
3,36.02925992333694,[1.3997835199764743, 0.001656864488621632, 0.8732833416459611, 1.756669899971288]
4,17.377391578989428,[-1.2969724403284728, 0.16995599146318027, 0.31485353804713745, -0.8731050617278935]
5,3.4175141401988722,[-0.12022840525156009, 0.012348586561906433, 0.19972706613504054, 0.25545188650911355]
6,2.2351473417133887,[-0.18995774997535086, 0.02344134109988124, 0.1902468052160157, 0.15399227369320706]
7,0.6286911412455074,[-0.1311311602840377, 0.01431772317206019, 0.11328331450358889, 0.07074511018616175]
8,0.5372041332537039,[-0.02769734912567802, 0.0020898708639152212, 0.07000711353469108, 0.10211036774829521]
9,0.2241428537754782,[-0.06903521688649077, 0.007111326488960387, 0.06769956448961771, 0.05073612815835023]
10,0.23952799217800558,[-0.027582098878427184, 0.002516163787448341, 0.05266291301694137, 0.06752058449212078]
11,0.13230904449283407,[-0.04689191027580951, 0.004822283012293618, 0.0496454964592918, 0.03976984206978549]
12,0.13182754593252466,[-0.022866419839124012, 0.0021567673293866477, 0.04076584088642415, 0.04919184481927899]
13,0.08396359127358474,[-0.03357460711663439, 0.003443473696281438, 0.038194975529231665, 0.03203664942564173]
14,0.0809515610421978,[-0.01843295644552316, 0.0017636490792704426, 0.03250239251679818, 0.03779275383488753]
15,0.05744487034764781,[-0.025127309928786302, 0.002571691721423939, 0.0305571055694122, 0.026404104778001487]
16,0.05502288921944649,[-0.01483560194740677, 0.0014291774020894384, 0.026709628265471366, 0.030364144355605326]
17,0.042663645919824376,[-0.019592060756526426, 0.0020028841871345083, 0.02532903552603097, 0.022278705393707104]
18,0.041230872111952935,[-0.012058226920239886, 0.001164857716771836, 0.022617799250894792, 0.025388434182026205]
19,0.004309632787392047,[-0.013967048580133225, 0.0013937588217934676, 0.022151410185252844, 0.02231811376341665]
20,0.011352456575911628,[-0.009760855491635783, 0.0009877769529958323, 0.016322337770045246, 0.015517188038161102]
21,0.0032802251572507843,[-0.005173639064123704, 0.0005141300378013469, 0.012092989963523726, 0.012312783289175247]
22,0.0009347364518276103,[-0.0030653120058068317, 0.0003074760282794001, 0.009373792652650492, 0.009307870527171618]
23,8.971538128555106e-05,[-0.0005867873110295429, 5.858726269576236e-05, 0.006593435051683149, 0.0065992902546924805]
24,1.038790450157752e-05,[0.0008837016324278358, -8.838160036652484e-05, 0.004894175140233204, 0.0048946478938482006]
25,1.388676365309537e-05,[0.001977371076110188, -0.00019772581748094624, 0.0036328694014466836, 0.0036320614002347436]
26,6.8352317100533904e-06,[0.0028667309381506206, -0.00028668210175599487, 0.0026094906036843325, 0.0026100029330596054]
