iteration,gradient_norm,x
0,2034.5088055842866,[1.0, -1.2, 1.0, -1.2, 1.0, -1.2, 1.0, -1.2]
1,395.1741028755711,[-0.7187500000000002, 0.08046875000000009, -0.5468750000000002, 0.08046875000000009, -0.5468750000000002, 0.08046875000000009, -0.5468750000000002, -0.34062499999999984]
2,196.95203362233173,[-0.6904973072296843, 0.35524853635940834, -0.44071046844392614, 0.2782870541006406, -0.44071046844392614, 0.2782870541006406, -0.27776115724172024, -0.01448182991699476]
3,214.37754302659312,[-0.8728942646795852, 0.3257363506226449, -0.33748541273382704, 0.18764063496651792, -0.3777560975933868, 0.26254723800612667, -0.2762003930248873, 0.16875840562345396]
4,174.6206459020056,[-0.8878010914104486, 0.5308309434528136, -0.15467164636388991, -0.02897977309433858, -0.3385950516732191, 0.12270162189904085, -0.4760257922316409, 0.43565988749072915]
5,162.4228070176669,[-0.8883215156537295, 0.5527404107081466, -0.015314872454821132, 0.001378563273027933, -0.31085914225521183, 0.10065310942326071, -0.5914487053867684, 0.48510538332752495]
6,164.9480015857756,[-0.9011114727758078, 0.5642739769215259, -0.0046902676428257906, 0.016281780187367666, -0.31980719505513555, 0.07052992154047066, -0.5809074658728902, 0.476645390217283]
7,194.9156909878007,[-0.9888768880438992, 0.6750627356678129, 0.06290945554574232, -0.0028728168105741983, -0.28166895261827674, 0.08021947608803198, -0.5209103188071645, 0.30070935141023003]
8,188.76321759549595,[-0.9994389453136605, 0.6993837099370335, 0.2160418279645928, -0.06012171342402415, -0.4427126699882957, 0.1593702188391598, -0.3478355095486177, 0.08839705288151933]
9,125.96214836539751,[-0.8225477049523174, 0.52651491488233, 0.06715773818537243, 0.10180730933325491, -0.17615034587750755, 0.11827792753091043, 0.08716612395989615, -0.43963079523034143]
10,45.30893682367268,[-0.7022934324005264, 0.4646088074280127, 0.19732039414872024, 0.05718849207382993, 0.07535396309162135, -0.032757305886275734, -0.19070320666965068, 0.06303296833321304]
11,29.58316443051889,[-0.704163842204918, 0.5017265017380839, 0.28487553708800195, 0.041998093658935684, -0.07895554240460892, 0.08368111710327458, 0.007522693934599922, -0.075155950602005]
12,22.86435843614832,[-0.6696376489995584, 0.44806078938552746, 0.17502957819300402, 0.08251442803840031, 0.0676650860102577, -0.018044433932995874, -0.049118048478793266, 0.03906976121708115]
13,4.344902778182018,[-0.6796063686296754, 0.47170895102924787, 0.2298526869869824, 0.06665463881310164, 0.011151513118822697, 0.020265917743711837, -0.0036864077969391354, -0.008444383112778828]
14,4.504372393181983,[-0.6809619192671442, 0.4813629400698633, 0.25250144509559613, 0.06342620971374177, 0.021679354405809603, 0.00846342239427755, 0.01146475361427233, -0.0030362058332629093]
15,2.943029167379361,[-0.6824438143414009, 0.47780107412037365, 0.23289525442128056, 0.07141622672630685, 0.010682411349544976, 0.01352270940172096, 0.007814453335091823, 0.00018173565237009992]
16,3.622475724340424,[-0.6866550717303459, 0.4879732836719146, 0.25643023164824374, 0.06625730556920477, 0.01823250231943174, 0.007723524560100827, 0.011924313323185318, -0.0004102879949504858]
17,2.305263341104292,[-0.6885846431917642, 0.48615442546059645, 0.24187899305014435, 0.07331714007939207, 0.01109697574209758, 0.011715537495696489, 0.00879438524971803, 0.0003010712868445041]
18,2.914186301741245,[-0.6931567928058987, 0.49581046479965, 0.26189175620478017, 0.07030613047028024, 0.01709440227773476, 0.0075427957205618104, 0.011499145756444796, -0.00024829895539363106]
19,1.3526366874939326,[-0.6970122647501293, 0.4981774968479528, 0.2557303993465876, 0.07683005062945057, 0.01270223307704937, 0.010112541799333881, 0.009487126631859778, 0.0001474737613774567]
20,3.3570141232148165,[-0.7148961685006805, 0.5252465457587377, 0.29060944776057496, 0.08340395107249284, 0.01825441305412057, 0.006314286193591633, 0.011519817785952787, -0.00027234091274515743]
21,7.110340106958211,[-0.7963058877117937, 0.6366087224932961, 0.39945410273137627, 0.13931893400708814, 0.02498179723527294, 0.0027910635444108635, 0.012202311180665126, -0.00026320151472037067]
22,3.0953712802041062,[-0.7762728811765413, 0.6089503263358056, 0.3707304720249532, 0.14065610627756694, 0.025488167060343493, 0.005797749023571217, 0.011271370057995432, 0.000764834270543184]
23,7.463557704112968,[-0.8361837526133689, 0.6983778618866314, 0.47440947845217163, 0.22839083103494195, 0.04532361606777963, 0.008333873560855841, 0.010650029184514341, 0.0030193309398298803]
24,7.978194960590471,[-0.8677658506778567, 0.7520395721253358, 0.5513644999128737, 0.2936873916139914, 0.069665285370899, 0.010256127784984323, 0.010334940639106654, 0.0035679310971300044]
25,9.502490812037093,[-0.8744245073311729, 0.7818671256582728, 0.629012386744402, 0.38210598433432064, 0.12500563537821646, 0.015583074855022444, 0.008851698154309237, 0.0015637035897021361]
26,8.668640374161804,[-0.8937294985914086, 0.817262262227022, 0.6754122241374901, 0.46599767673228987, 0.21647480742177022, 0.01892691021097817, 0.008887566909234628, -0.009304443420048996]
27,9.17263519848449,[-0.9127654246261878, 0.8460040770626596, 0.7163937815695621, 0.5133015036623881, 0.24683847069769432, 0.03056506525917445, 0.007315765758589485, -0.009551545531364182]
28,11.160404157023224,[-0.9317651481033212, 0.8622298915901786, 0.7525327885330404, 0.5683383954387337, 0.30410397192487437, 0.09784017613706632, -0.0007660852947099506, -0.0035268729702451398]
29,10.082921536979395,[-0.9501845921577543, 0.9011991968880695, 0.8175325976480747, 0.6512817037312001, 0.40999271422794525, 0.1559736858868792, 0.011809272101444914, -0.001206576008268069]
30,15.55018297655778,[-0.949849147945369, 0.9262625638325105, 0.8587671749478248, 0.736311377238069, 0.5570260414244295, 0.2749965020320968, 0.06248328973044577, 0.0014653161391202582]
31,17.908838907499806,[-0.9470532732203983, 0.9303626455699558, 0.8641990399693306, 0.7623842828378905, 0.5857683240146361, 0.3848218616210637, 0.14985891054439848, 0.0021463533166053935]
32,21.976428411229843,[-0.9594234900857119, 0.9501222858430134, 0.9005726048569148, 0.8231981852616539, 0.6504903714734797, 0.4461274859471648, 0.17982210739972235, 0.005166584737815559]
33,16.963009252516134,[-0.982710614680611, 0.9605913768126652, 0.9323802266492542, 0.8565725208327742, 0.7389268094430959, 0.511712517561852, 0.23315786057505747, 0.03181627136991777]
34,10.142845202141498,[-0.9721938492145091, 0.9434169157963127, 0.9022764611227939, 0.8170095249602239, 0.6702199477327174, 0.4405292578093716, 0.2150047782870672, 0.048288351060141885]
35,8.649027397918873,[-0.9689025154628688, 0.9561266471785537, 0.9162348770166341, 0.847408103812197, 0.7140363587070077, 0.5202258369949149, 0.25786539000245257, 0.05985877357378036]
36,7.6281915018797255,[-0.9759449992450607, 0.967064178049267, 0.9379328040182335, 0.8830721686008952, 0.7691049184287782, 0.5838269349399745, 0.32089805713914143, 0.07905214237607522]
37,13.389880592420912,[-0.9845637901332617, 0.968932543578516, 0.9462061907330788, 0.8836272062948887, 0.7953423054511426, 0.6183838479159813, 0.37989263953618896, 0.14183884999134733]
38,10.653068119096814,[-0.9833553128164421, 0.9751890286814746, 0.9610714889055358, 0.9347580202680854, 0.8695471441661494, 0.7467422786847591, 0.5356991633845654, 0.2487868633847552]
39,8.7247172313835,[-0.9797870606813426, 0.9726982706272757, 0.9538551972440413, 0.9244068562823868, 0.8454177624085871, 0.717093483897422, 0.5115832929040522, 0.24678540883548933]
40,4.223488970574408,[-0.9845535620093985, 0.9807097698956885, 0.9634276246179332, 0.9264418371652817, 0.8582795376148182, 0.7374454241328797, 0.5345451242586728, 0.28592707853736676]
41,12.664110212753558,[-0.9885815308440536, 0.988990186756903, 0.9793844403581206, 0.9530725707037149, 0.9126326059478225, 0.8282006154856141, 0.6925672364785804, 0.4488793681988945]
42,3.5157698666604027,[-0.9850015003658729, 0.9806674901962847, 0.971461448967328, 0.952715157432619, 0.9095813037423353, 0.8223232691358193, 0.671617169165418, 0.44975431003014726]
43,8.031940416167341,[-0.9907755654952066, 0.9905277534097523, 0.983854371466431, 0.9695094757546061, 0.9356529129319474, 0.882716617456129, 0.767457932403486, 0.5718839985973183]
44,4.136542606447391,[-0.9910835226126821, 0.9909984159454283, 0.9829736916403324, 0.9632907069249256, 0.9279005049845573, 0.865668493725853, 0.757584652771849, 0.5709837462560292]
45,5.402651507997623,[-0.9887043405541254, 0.9882677028694926, 0.9840257787702663, 0.9729192430760855, 0.9502422166202527, 0.8937061773046252, 0.799756021898388, 0.6333369492384201]
46,6.188197551739601,[-0.9903265188220178, 0.9911621677761617, 0.9881328091643287, 0.9791641101510662, 0.9593963577982372, 0.9290415205651708, 0.8537131587474105, 0.7220917627493461]
47,3.66682978170879,[-0.9924225747643736, 0.9941777248590344, 0.9905797701990916, 0.9823025049412232, 0.9625601304218525, 0.9218693778194798, 0.8552013178409494, 0.7339065023966334]
48,3.7128553236612767,[-0.9918040155018292, 0.9934531715955114, 0.9917631865121783, 0.9858391808057267, 0.9736889770276045, 0.945782906300641, 0.895853828526246, 0.7945716468095373]
49,1.344087295539409,[-0.9909662917108322, 0.9922904575687838, 0.9907770661457425, 0.9847533958532307, 0.9725747446121555, 0.9470888961244522, 0.895356768140199, 0.7984319024455131]
50,1.9206314148265644,[-0.9928899671010905, 0.9958325265809217, 0.9953878934025291, 0.9924862183267346, 0.9828309301141193, 0.9667580770833681, 0.9319768182415067, 0.86754804935059]
51,2.2841376774906474,[-0.9926579912455447, 0.9951203576512805, 0.9956716617985493, 0.9945384492182568, 0.9931435804224134, 0.9871974242982692, 0.9784721475713347, 0.955780533452435]
52,0.29743307171708033,[-0.9926978128286678, 0.9955269141331782, 0.9963573221586046, 0.9952504865799612, 0.9921367197883598, 0.9845833638775116, 0.9696654492460006, 0.9400784864050422]
53,0.17714117684660252,[-0.9928866428845347, 0.9958445884628943, 0.9966667154609764, 0.9958743528657912, 0.992976867111068, 0.98665320835621, 0.9736120750360298, 0.9474945838743642]
54,0.12740637278238845,[-0.9929278265925996, 0.9959160166228833, 0.9967500184562148, 0.9959977137913468, 0.9931104176911223, 0.9869948197389683, 0.9745390539246569, 0.9499131123236029]
55,0.022182632921891605,[-0.9929040876365104, 0.9959026017128759, 0.9968671659011448, 0.9962254567801876, 0.9936968463298042, 0.9879863343377268, 0.9763460974735719, 0.9532525228831524]
56,0.006342058788347914,[-0.9929116887590267, 0.9959063088633676, 0.9968381956258606, 0.9961950127468863, 0.9936471160673658, 0.987924279401981, 0.9762276050258876, 0.9530197570670712]
57,0.0019734363095454802,[-0.9929085923076921, 0.9959038363820426, 0.9968443292143008, 0.9961985461262096, 0.9936462094895424, 0.9879258529739481, 0.9762365333344453, 0.9530371087178134]
58,0.00017794211369580144,[-0.9929094290978012, 0.9959048454413327, 0.9968443971569103, 0.996199711746504, 0.9936500673332943, 0.9879301780551929, 0.976243580455565, 0.9530516318619021]
59,1.317875534083326e-05,[-0.9929093896603745, 0.9959047588585157, 0.9968442060345177, 0.9961994673877993, 0.9936496258962987, 0.9879297099158147, 0.9762426760734869, 0.9530497553494286]
60,3.710278644900183e-07,[-0.9929093902373347, 0.9959047635006075, 0.9968442245627479, 0.9961994845340956, 0.9936496470050192, 0.9879297340525194, 0.9762427324596232, 0.953049872651037]
